98.34890181252918
10.292430268699523
9.401211350949753
8.766040570741438
8.268216595638707
7.939681504119626
7.703662571675783
7.534466380610477
7.418594431381578
7.309210048812091
7.214636857184747
7.104572112235406
7.046893765138974
6.966899891097881
6.890024854184298
6.847055483084628
6.7786698247764186
6.715234411781434
6.656734834917699
6.601022254512161
6.572401458066275
6.518854402229362
6.4889912599779445
6.451038172283569
6.4091436483017565
6.372875057797509
6.329693469935147
6.294477418718933
6.283920574408481
6.268014682633222
6.216910382616603
6.199007044212923
6.197525894394097
6.169373161522951
6.2435071694107585
6.292978485517083
6.389957570589167
6.316266178258847
6.2121027160186415
6.123129172908792
6.074326918251796
6.00217368421048
5.973977548696152
5.96711185953083
5.962344468052888
5.907430590988582
5.897507256778779
5.894167613762906
5.862293834774379
5.825135371976857
5.778842347874102
5.735467651424452
5.712694595922774
5.695932446671414
5.690359251053174
5.670686374910985
5.659029525091687
5.6701990297154525
5.671644032965081
5.653783760775594
5.643923892159935
5.658843215563556
5.656337553579317
5.6276855534824435
5.636113624374531
5.646031940781767
5.647405438279995
5.642261557986499
5.625119134955813
5.642195614050498
5.6244868687063665
5.610730251594173
5.611886631258641
5.622061150729243
5.622457696989557
5.628869953662088
5.615968167919485
5.619589207078788
5.6255696777934014
5.625583821576407
5.602335195343159
5.629198839703003
5.6229157668063054
5.6121358954053004
5.569767714647994
5.616017170370864
5.618590953443673
5.616259307839304
5.603934000050499
5.6063446431457304
5.602993389750738
5.588290658338516
5.6129106363027805
5.583950717234447
5.592114336771448
5.583249793041661
5.600446816129442
5.578520841466362
5.592934794018506
5.5889988821042875
